# ID,type,coor_x[um], coor_y[um] 
0,	 1,	 -14115.0,	 -63600.0 
1,	 1,	 -4705.0,	 -63600.0 
2,	 1,	 4705.0,	 -63600.0 
3,	 1,	 14115.0,	 -63600.0 
4,	 1,	 -32935.0,	 -55650.0 
5,	 1,	 -23525.0,	 -55650.0 
6,	 1,	 -14115.0,	 -55650.0 
7,	 1,	 -4705.0,	 -55650.0 
8,	 1,	 4705.0,	 -55650.0 
9,	 1,	 14115.0,	 -55650.0 
10,	 1,	 23525.0,	 -55650.0 
11,	 1,	 32935.0,	 -55650.0 
12,	 1,	 -42345.0,	 -47700.0 
13,	 1,	 -32935.0,	 -47700.0 
14,	 1,	 -23525.0,	 -47700.0 
15,	 1,	 -14115.0,	 -47700.0 
16,	 1,	 -4705.0,	 -47700.0 
17,	 1,	 4705.0,	 -47700.0 
18,	 1,	 14115.0,	 -47700.0 
19,	 1,	 23525.0,	 -47700.0 
20,	 1,	 32935.0,	 -47700.0 
21,	 1,	 42345.0,	 -47700.0 
22,	 1,	 -42345.0,	 -39750.0 
23,	 1,	 -32935.0,	 -39750.0 
24,	 1,	 -23525.0,	 -39750.0 
25,	 1,	 -14115.0,	 -39750.0 
26,	 1,	 -4705.0,	 -39750.0 
27,	 1,	 4705.0,	 -39750.0 
28,	 1,	 14115.0,	 -39750.0 
29,	 1,	 23525.0,	 -39750.0 
30,	 1,	 32935.0,	 -39750.0 
31,	 1,	 42345.0,	 -39750.0 
32,	 1,	 51755.0,	 -39750.0 
33,	 1,	 -51755.0,	 -31800.0 
34,	 1,	 -42345.0,	 -31800.0 
35,	 1,	 -32935.0,	 -31800.0 
36,	 1,	 -23525.0,	 -31800.0 
37,	 1,	 -14115.0,	 -31800.0 
38,	 1,	 -4705.0,	 -31800.0 
39,	 1,	 4705.0,	 -31800.0 
40,	 1,	 14115.0,	 -31800.0 
41,	 1,	 23525.0,	 -31800.0 
42,	 1,	 32935.0,	 -31800.0 
43,	 1,	 42345.0,	 -31800.0 
44,	 1,	 51755.0,	 -31800.0 
45,	 1,	 -51755.0,	 -23850.0 
46,	 1,	 -42345.0,	 -23850.0 
47,	 1,	 -32935.0,	 -23850.0 
48,	 1,	 -23525.0,	 -23850.0 
49,	 1,	 -14115.0,	 -23850.0 
50,	 1,	 -4705.0,	 -23850.0 
51,	 1,	 4705.0,	 -23850.0 
52,	 1,	 14115.0,	 -23850.0 
53,	 1,	 23525.0,	 -23850.0 
54,	 1,	 32935.0,	 -23850.0 
55,	 1,	 42345.0,	 -23850.0 
56,	 1,	 51755.0,	 -23850.0 
57,	 1,	 61165.0,	 -23850.0 
58,	 1,	 -61165.0,	 -15900.0 
59,	 1,	 -51755.0,	 -15900.0 
60,	 1,	 -42345.0,	 -15900.0 
61,	 1,	 -32935.0,	 -15900.0 
62,	 1,	 -23525.0,	 -15900.0 
63,	 1,	 -14115.0,	 -15900.0 
64,	 1,	 -4705.0,	 -15900.0 
65,	 1,	 4705.0,	 -15900.0 
66,	 1,	 14115.0,	 -15900.0 
67,	 1,	 23525.0,	 -15900.0 
68,	 1,	 32935.0,	 -15900.0 
69,	 1,	 42345.0,	 -15900.0 
70,	 1,	 51755.0,	 -15900.0 
71,	 1,	 61165.0,	 -15900.0 
72,	 1,	 -61165.0,	 -7950.0 
73,	 1,	 -51755.0,	 -7950.0 
74,	 1,	 -42345.0,	 -7950.0 
75,	 1,	 -32935.0,	 -7950.0 
76,	 1,	 -23525.0,	 -7950.0 
77,	 1,	 -14115.0,	 -7950.0 
78,	 1,	 -4705.0,	 -7950.0 
79,	 1,	 4705.0,	 -7950.0 
80,	 1,	 14115.0,	 -7950.0 
81,	 1,	 23525.0,	 -7950.0 
82,	 1,	 32935.0,	 -7950.0 
83,	 1,	 42345.0,	 -7950.0 
84,	 1,	 51755.0,	 -7950.0 
85,	 1,	 61165.0,	 -7950.0 
86,	 1,	 -61165.0,	 0.0 
87,	 1,	 -51755.0,	 0.0 
88,	 1,	 -42345.0,	 0.0 
89,	 1,	 -32935.0,	 0.0 
90,	 1,	 -23525.0,	 0.0 
91,	 1,	 -14115.0,	 0.0 
92,	 1,	 -4705.0,	 0.0 
93,	 1,	 4705.0,	 0.0 
94,	 1,	 14115.0,	 0.0 
95,	 1,	 23525.0,	 0.0 
96,	 1,	 32935.0,	 0.0 
97,	 1,	 42345.0,	 0.0 
98,	 1,	 51755.0,	 0.0 
99,	 1,	 61165.0,	 0.0 
100,	 1,	 -61165.0,	 7950.0 
101,	 1,	 -51755.0,	 7950.0 
102,	 1,	 -42345.0,	 7950.0 
103,	 1,	 -32935.0,	 7950.0 
104,	 1,	 -23525.0,	 7950.0 
105,	 1,	 -14115.0,	 7950.0 
106,	 1,	 -4705.0,	 7950.0 
107,	 1,	 4705.0,	 7950.0 
108,	 1,	 14115.0,	 7950.0 
109,	 1,	 23525.0,	 7950.0 
110,	 1,	 32935.0,	 7950.0 
111,	 1,	 42345.0,	 7950.0 
112,	 1,	 51755.0,	 7950.0 
113,	 1,	 61165.0,	 7950.0 
114,	 1,	 -61165.0,	 15900.0 
115,	 1,	 -51755.0,	 15900.0 
116,	 1,	 -42345.0,	 15900.0 
117,	 1,	 -32935.0,	 15900.0 
118,	 1,	 -23525.0,	 15900.0 
119,	 1,	 -14115.0,	 15900.0 
120,	 1,	 -4705.0,	 15900.0 
121,	 1,	 4705.0,	 15900.0 
122,	 1,	 14115.0,	 15900.0 
123,	 1,	 23525.0,	 15900.0 
124,	 1,	 32935.0,	 15900.0 
125,	 1,	 42345.0,	 15900.0 
126,	 1,	 51755.0,	 15900.0 
127,	 1,	 61165.0,	 15900.0 
128,	 1,	 -51755.0,	 23850.0 
129,	 1,	 -42345.0,	 23850.0 
130,	 1,	 -32935.0,	 23850.0 
131,	 1,	 -23525.0,	 23850.0 
132,	 1,	 -14115.0,	 23850.0 
133,	 1,	 -4705.0,	 23850.0 
134,	 1,	 4705.0,	 23850.0 
135,	 1,	 14115.0,	 23850.0 
136,	 1,	 23525.0,	 23850.0 
137,	 1,	 32935.0,	 23850.0 
138,	 1,	 42345.0,	 23850.0 
139,	 1,	 51755.0,	 23850.0 
140,	 1,	 61165.0,	 23850.0 
141,	 1,	 -51755.0,	 31800.0 
142,	 1,	 -42345.0,	 31800.0 
143,	 1,	 -32935.0,	 31800.0 
144,	 1,	 -23525.0,	 31800.0 
145,	 1,	 -14115.0,	 31800.0 
146,	 1,	 -4705.0,	 31800.0 
147,	 1,	 4705.0,	 31800.0 
148,	 1,	 14115.0,	 31800.0 
149,	 1,	 23525.0,	 31800.0 
150,	 1,	 32935.0,	 31800.0 
151,	 1,	 42345.0,	 31800.0 
152,	 1,	 51755.0,	 31800.0 
153,	 1,	 -42345.0,	 39750.0 
154,	 1,	 -32935.0,	 39750.0 
155,	 1,	 -23525.0,	 39750.0 
156,	 1,	 -14115.0,	 39750.0 
157,	 1,	 -4705.0,	 39750.0 
158,	 1,	 4705.0,	 39750.0 
159,	 1,	 14115.0,	 39750.0 
160,	 1,	 23525.0,	 39750.0 
161,	 1,	 32935.0,	 39750.0 
162,	 1,	 42345.0,	 39750.0 
163,	 1,	 51755.0,	 39750.0 
164,	 1,	 -42345.0,	 47700.0 
165,	 1,	 -32935.0,	 47700.0 
166,	 1,	 -23525.0,	 47700.0 
167,	 1,	 -14115.0,	 47700.0 
168,	 1,	 -4705.0,	 47700.0 
169,	 1,	 4705.0,	 47700.0 
170,	 1,	 14115.0,	 47700.0 
171,	 1,	 23525.0,	 47700.0 
172,	 1,	 32935.0,	 47700.0 
173,	 1,	 42345.0,	 47700.0 
174,	 1,	 -32935.0,	 55650.0 
175,	 1,	 -23525.0,	 55650.0 
176,	 1,	 -14115.0,	 55650.0 
177,	 1,	 -4705.0,	 55650.0 
178,	 1,	 4705.0,	 55650.0 
179,	 1,	 14115.0,	 55650.0 
180,	 1,	 23525.0,	 55650.0 
181,	 1,	 32935.0,	 55650.0 
182,	 1,	 -14115.0,	 63600.0 
183,	 1,	 -4705.0,	 63600.0 
184,	 1,	 4705.0,	 63600.0 
185,	 1,	 14115.0,	 63600.0 
