0.000000000000000000e+00 5.203895392223652827e+00
1.000000000000000000e+00 5.221720960396350364e+00
2.000000000000000000e+00 5.239181698475822380e+00
3.000000000000000000e+00 5.256282676287609590e+00
4.000000000000000000e+00 5.273028963657251822e+00
5.000000000000000000e+00 5.289425630410290680e+00
6.000000000000000000e+00 5.305477746372265990e+00
7.000000000000000000e+00 5.321190381368719358e+00
8.000000000000000000e+00 5.336568605225191497e+00
9.000000000000000000e+00 5.351617487767223125e+00
1.000000000000000000e+01 5.366342098820354956e+00
1.100000000000000000e+01 5.380747508210126817e+00
1.200000000000000000e+01 5.394838785762080313e+00
1.300000000000000000e+01 5.408621001301756159e+00
1.400000000000000000e+01 5.422099224654694183e+00
1.500000000000000000e+01 5.435278525646436876e+00
1.600000000000000000e+01 5.448163974102523177e+00
1.700000000000000000e+01 5.460760639848494691e+00
1.800000000000000000e+01 5.473073592709892132e+00
1.900000000000000000e+01 5.485107902512256217e+00
2.000000000000000000e+01 5.496868639081127661e+00
2.100000000000000000e+01 5.508360872242047179e+00
2.200000000000000000e+01 5.519589671820555488e+00
2.300000000000000000e+01 5.530560107642193302e+00
2.400000000000000000e+01 5.541277249532501337e+00
2.500000000000000000e+01 5.551746167317020308e+00
2.600000000000000000e+01 5.561971930821290933e+00
2.700000000000000000e+01 5.571959609870853924e+00
2.800000000000000000e+01 5.581714274291250000e+00
2.900000000000000000e+01 5.591240993908019874e+00
3.000000000000000000e+01 5.600544838546704263e+00
3.100000000000000000e+01 5.609630878032844770e+00
3.200000000000000000e+01 5.618504182191980334e+00
3.300000000000000000e+01 5.627169820849653448e+00
3.400000000000000000e+01 5.635632863831403938e+00
3.500000000000000000e+01 5.643898380962772521e+00
3.600000000000000000e+01 5.651971442069299911e+00
3.700000000000000000e+01 5.659857116976527713e+00
3.800000000000000000e+01 5.667560475509995754e+00
3.900000000000000000e+01 5.675086587495244750e+00
4.000000000000000000e+01 5.682440522757816304e+00
4.100000000000000000e+01 5.689627351123249355e+00
4.200000000000000000e+01 5.696652142417086395e+00
4.300000000000000000e+01 5.703519966464868141e+00
4.400000000000000000e+01 5.710235893092134418e+00
4.500000000000000000e+01 5.716804992124425944e+00
4.600000000000000000e+01 5.723232333387283433e+00
4.700000000000000000e+01 5.729522986706249377e+00
4.800000000000000000e+01 5.735682021906861827e+00
4.900000000000000000e+01 5.741714508814663276e+00
5.000000000000000000e+01 5.747625517255193550e+00
5.100000000000000000e+01 5.753420117053994254e+00
5.200000000000000000e+01 5.759103378036606102e+00
5.300000000000000000e+01 5.764680370028568923e+00
5.400000000000000000e+01 5.770156162855423432e+00
5.500000000000000000e+01 5.775535826342711232e+00
5.600000000000000000e+01 5.780824430315973039e+00
5.700000000000000000e+01 5.786027044600748681e+00
5.800000000000000000e+01 5.791148739022579761e+00
5.900000000000000000e+01 5.796194583407006995e+00
6.000000000000000000e+01 5.801169647579570210e+00
6.100000000000000000e+01 5.806079001365811010e+00
6.200000000000000000e+01 5.810927714591269222e+00
6.300000000000000000e+01 5.815720857081486450e+00
6.400000000000000000e+01 5.820463498662004298e+00
6.500000000000000000e+01 5.825160709158360817e+00
6.600000000000000000e+01 5.829817558396099386e+00
6.700000000000000000e+01 5.834439116200758946e+00
6.800000000000000000e+01 5.839030452397881099e+00
6.900000000000000000e+01 5.843596636813006562e+00
7.000000000000000000e+01 5.848142739271676049e+00
7.100000000000000000e+01 5.852673829599430277e+00
7.200000000000000000e+01 5.857194977621809073e+00
7.300000000000000000e+01 5.861711253164354929e+00
7.400000000000000000e+01 5.866227726052606783e+00
7.500000000000000000e+01 5.870749466112106241e+00
7.600000000000000000e+01 5.875281543168394016e+00
7.700000000000000000e+01 5.879829027047010825e+00
7.800000000000000000e+01 5.884396987573497384e+00
7.900000000000000000e+01 5.888990494573395296e+00
8.000000000000000000e+01 5.893614617872243500e+00
8.100000000000000000e+01 5.898274427295583600e+00
8.200000000000000000e+01 5.902974992668956311e+00
8.300000000000000000e+01 5.907721383817902350e+00
8.400000000000000000e+01 5.912518670567963319e+00
8.500000000000000000e+01 5.917371922744678159e+00
8.600000000000000000e+01 5.922286210173589360e+00
8.700000000000000000e+01 5.927266602680236751e+00
8.800000000000000000e+01 5.932318170090161047e+00
8.900000000000000000e+01 5.937445982228902963e+00
9.000000000000000000e+01 5.942655108922003215e+00
9.100000000000000000e+01 5.947950619995003407e+00
9.200000000000000000e+01 5.953337585273443366e+00
9.300000000000000000e+01 5.958821074582863808e+00
9.400000000000000000e+01 5.964406157748805448e+00
9.500000000000000000e+01 5.970097904596809890e+00
9.600000000000000000e+01 5.975901384952416961e+00
9.700000000000000000e+01 5.981821668641167378e+00
9.800000000000000000e+01 5.987863825488602743e+00
9.900000000000000000e+01 5.994032925320262883e+00
1.000000000000000000e+02 6.000000000000000000e+00
