-1.000000000000000000e+00
-1.000000000000000056e-01
0.000000000000000000e+00
1.000000000000000056e-01
1.000000000000000000e+00
1.000000000000000056e-01
0.000000000000000000e+00
0.000000000000000000e+00
1.000000000000000056e-01
1.000000000000000056e-01
-1.000000000000000036e-10
-9.999999999999999799e-13
1.000000000000000021e-08
1.000000000000000082e-05
1.000000000000000021e-03
1.000000000000000036e-10
9.999999999999999799e-13
1.000000000000000021e-08
1.000000000000000082e-05
2.000000000000000042e-03
